50.000000 2.000000
250.000000 310.000000 
568.000000 531.000000 
270.000000 239.000000 
495.000000 437.000000 
269.000000 215.000000 
416.000000 314.000000 
277.000000 213.000000 
333.000000 221.000000 
270.000000 206.000000 
248.000000 110.000000 
289.000000 261.000000 
186.000000 52.000000 
315.000000 236.000000 
200.000000 142.000000 
318.000000 239.000000 
230.000000 241.000000 
320.000000 252.000000 
274.000000 304.000000 
331.000000 288.000000 
313.000000 372.000000 
348.000000 318.000000 
321.000000 430.000000 
370.000000 364.000000 
308.000000 374.000000 
368.000000 401.000000 
267.000000 306.000000 
367.000000 423.000000 
209.000000 209.000000 
370.000000 422.000000 
149.000000 86.000000 
389.000000 419.000000 
105.000000 52.000000 
402.000000 461.000000 
102.000000 98.000000 
406.000000 473.000000 
154.000000 169.000000 
423.000000 457.000000 
211.000000 218.000000 
432.000000 448.000000 
244.000000 280.000000 
438.000000 439.000000 
295.000000 330.000000 
452.000000 406.000000 
343.000000 486.000000 
412.000000 385.000000 
419.000000 495.000000 
369.000000 369.000000 
488.000000 492.000000 
359.000000 347.000000 
558.000000 527.000000 
HumGrey.bmp
RobGrey.bmp
HandClamp
50
20