66.000000 2.000000
319.000000 141.000000 
331.000000 122.000000 
464.000000 196.000000 
323.000000 118.000000 
420.000000 181.000000 
434.000000 159.000000 
330.000000 134.000000 
492.000000 176.000000 
470.000000 197.000000 
479.000000 174.000000 
390.000000 165.000000 
528.000000 194.000000 
437.000000 187.000000 
522.000000 191.000000 
411.000000 175.000000 
488.000000 174.000000 
417.000000 180.000000 
618.000000 226.000000 
344.000000 155.000000 
301.000000 108.000000 
265.000000 113.000000 
308.000000 111.000000 
305.000000 132.000000 
299.000000 102.000000 
440.000000 192.000000 
302.000000 107.000000 
474.000000 204.000000 
292.000000 103.000000 
506.000000 215.000000 
293.000000 104.000000 
298.000000 135.000000 
584.000000 213.000000 
492.000000 200.000000 
569.000000 202.000000 
200.000000 73.000000 
438.000000 160.000000 
242.000000 113.000000 
215.000000 75.000000 
305.000000 140.000000 
157.000000 50.000000 
380.000000 168.000000 
143.000000 44.000000 
464.000000 208.000000 
184.000000 63.000000 
77.000000 13.000000 
617.000000 222.000000 
287.000000 114.000000 
668.000000 273.000000 
398.000000 152.000000 
687.000000 275.000000 
263.000000 83.000000 
85.000000 19.000000 
163.000000 44.000000 
221.000000 82.000000 
452.000000 181.000000 
77.000000 13.000000 
182.000000 64.000000 
638.000000 245.000000 
22.000000 4.000000 
687.000000 267.000000 
507.000000 211.000000 
414.000000 152.000000 
302.000000 125.000000 
420.000000 152.000000 
549.000000 242.000000 
238.000000 83.000000 
HumGrey.bmp
RobGrey.bmp
HumRob
3
20