32.000000 2.000000
9.000000 15.000000 
21.000000 26.000000 
56.000000 56.000000 
6.000000 6.000000 
92.000000 95.000000 
16.000000 15.000000 
107.000000 106.000000 
63.000000 72.000000 
92.000000 91.000000 
62.000000 77.000000 
82.000000 80.000000 
87.000000 97.000000 
61.000000 62.000000 
105.000000 105.000000 
34.000000 38.000000 
88.000000 97.000000 
22.000000 23.000000 
63.000000 74.000000 
12.000000 13.000000 
64.000000 75.000000 
35.000000 36.000000 
45.000000 48.000000 
78.000000 83.000000 
44.000000 47.000000 
46.000000 48.000000 
88.000000 84.000000 
71.000000 71.000000 
86.000000 85.000000 
60.000000 59.000000 
79.000000 79.000000 
59.000000 59.000000 
98.000000 96.000000 
DogAni.jpg
DogIna.jpg
DogDoll
100
20